300
939 127
1204 436
1469 745
1734 1054
97 79
626 1058
1155 2037
1684 3016
2213 3995
284 767
886 1153
1488 1539
2090 1925
2692 2311
3294 2697
363 639
867 1490
1371 2341
1875 3192
867 271
1802 1182
2737 2093
3672 3004
4607 3915
608 204
1001 383
1394 562
1787 741
2180 920
2573 1099
780 572
1474 1346
2168 2120
2862 2894
810 905
1714 1006
2618 1107
3522 1208
4426 1309
384 521
795 1003
1206 1485
1617 1967
2028 2449
2439 2931
952 292
1413 881
1874 1470
2335 2059
59 63
386 485
713 907
1040 1329
1367 1751
55 831
328 1753
601 2675
874 3597
1147 4519
1420 5441
102 560
287 623
472 686
657 749
764 931
1358 1828
1952 2725
2546 3622
3140 4519
503 288
1174 953
1845 1618
2516 2283
3187 2948
3858 3613
194 927
960 1505
1726 2083
2492 2661
801 529
1213 1282
1625 2035
2037 2788
2449 3541
821 874
1163 1106
1505 1338
1847 1570
2189 1802
2531 2034
289 669
296 1013
303 1357
310 1701
852 632
1471 939
2090 1246
2709 1553
3328 1860
193 156
915 465
1637 774
2359 1083
3081 1392
3803 1701
87 316
293 1258
499 2200
705 3142
605 230
1212 381
1819 532
2426 683
3033 834
509 726
590 1036
671 1346
752 1656
833 1966
914 2276
607 846
1023 1627
1439 2408
1855 3189
720 758
733 767
746 776
759 785
772 794
780 372
1486 1356
2192 2340
2898 3324
3604 4308
4310 5292
5 325
296 523
587 721
878 919
833 365
1692 1286
2551 2207
3410 3128
4269 4049
682 418
1545 1057
2408 1696
3271 2335
4134 2974
4997 3613
648 823
790 1332
932 1841
1074 2350
901 575
1721 1083
2541 1591
3361 2099
4181 2607
421 236
1062 377
1703 518
2344 659
2985 800
3626 941
346 7
849 485
1352 963
1855 1441
379 209
842 593
1305 977
1768 1361
2231 1745
886 106
1820 825
2754 1544
3688 2263
4622 2982
5556 3701
472 794
1464 948
2456 1102
3448 1256
212 856
357 1068
502 1280
647 1492
792 1704
679 287
1400 1219
2121 2151
2842 3083
3563 4015
4284 4947
862 893
1302 1529
1742 2165
2182 2801
481 434
1258 1262
2035 2090
2812 2918
3589 3746
441 632
1099 804
1757 976
2415 1148
3073 1320
3731 1492
193 121
750 552
1307 983
1864 1414
580 843
731 895
882 947
1033 999
1184 1051
989 495
1547 1048
2105 1601
2663 2154
3221 2707
3779 3260
351 703
1116 1085
1881 1467
2646 1849
342 839
656 1043
970 1247
1284 1451
1598 1655
84 107
276 673
468 1239
660 1805
852 2371
1044 2937
541 970
1287 1304
2033 1638
2779 1972
954 404
1460 552
1966 700
2472 848
2978 996
878 415
1457 873
2036 1331
2615 1789
3194 2247
3773 2705
611 82
1473 682
2335 1282
3197 1882
578 420
732 701
886 982
1040 1263
1194 1544
475 271
1139 1088
1803 1905
2467 2722
3131 3539
3795 4356
462 978
835 1525
1208 2072
1581 2619
85 566
198 1544
311 2522
424 3500
537 4478
888 211
1552 1053
2216 1895
2880 2737
3544 3579
4208 4421
967 523
1309 1368
1651 2213
1993 3058
938 922
1593 1823
2248 2724
2903 3625
3558 4526
356 869
858 1803
1360 2737
1862 3671
2364 4605
2866 5539
